1	钞票	Image_ty_011	99	11												测试道具巴拉巴拉卡	
2	金砖	Image_ty_012	99	11												测试道具巴拉巴拉卡	
3	创客币	Image_ty_013	99	11												测试道具巴拉巴拉卡	
10001	新手礼包	Null	1	1				1	99	1,100	1,100	1,20001,1;1,30001,5	0	0			
20001	测试道具	Null	1	3				1	99	1,100	1,100		0	0			
30001	铁矿石	Null	1	2				1	99	1,100	1,100		0	0			
1001	初始帽子（男）	Null	2		1	1	m_head_001	1	99				0	0	1,2;2,2;3,2;4,2;5,2		
1002	初始衣服（男）	Null	2		1	2	m_clothes_001	1	99				0	0	1,3;2,3;3,5;4,2;5,7		
1003	初始裤子（男）	Null	2		1	3	m_trousers_001	1	99				0	0	1,1;2,2;3,2;4,2;5,2		
1011	二级帽子（男）	Null	2		1	1	m_head_008	10	99	2,100	2,100		100	0	1,5;2,5;3,5;4,5;5,5		
1012	二级衣服（男）	Null	2		1	2	m_clothes_008	10	99	2,100	2,100		100	0	1,5;2,5;3,5;4,5;5,5		
1013	二级裤子（男）	Null	2		1	3	m_trousers_008	10	99	2,100	2,100		100	0	1,5;2,5;3,5;4,5;5,5		
2001	初始帽子（女）	Null	2		2	1	f_head_001	1	99				0	0	1,2;2,2;3,2;4,2;5,2		
2002	初始衣服（女）	Null	2		2	2	f_clothes_001	1	99				0	0	1,2;2,2;3,2;4,2;5,2		
2003	初始裤子（女）	Null	2		2	3	f_trousers_001	1	99				0	0	1,2;2,2;3,2;4,2;5,2		
2011	二级帽子（女）	Null	2		2	1	f_head_005	10	99	2,100	2,100		100	0	1,5;2,5;3,5;4,5;5,5		
2012	二级衣服（女）	Null	2		2	2	f_clothes_005	10	99	2,100	2,100		100	0	1,5;2,5;3,5;4,5;5,5		
2013	二级裤子（女）	Null	2		2	3	f_trousers_005	10	99	2,100	2,100		100	0	1,5;2,5;3,5;4,5;5,5		
2021	三级帽子（女）	Null	2		2	1	f_head_006	20	99	2,1000	2,1000		1000	0	1,11;2,12;3,13;4,14;5,15		
2022	三级衣服（女）	Null	2		2	2,3	f_clothes_006	20	99	2,1000	2,1000		1000	0	1,1;2,10;3,10;4,10;5,10		
2023	三级裤子（女）	Null	2		2	3	f_trousers_006	20	99	2,1000	2,1000		1000	0	1,10;2,17;3,10;4,10;5,10		
5000	沙发	Null	3	5			scene_safa001						0				
5001	电脑椅	Null	3	11			scene_chair001						0				
5002	床	Null	3	3			scene_bed001						0				
5003	明黄墙纸	Null	3	2			scene_wall001						0				
5004	地砖	Null	3	1			scene_diban001						0				
5005	大窗户	Null	3	13			scene_window001						0				
5006	小窗户	Null	3	13			scene_window002						0				
5007	地毯	Null	3	9			scene_carpet001						0				
5008	书桌	Null	3	10			scene_desk001						0				
5009	茶几	Null	3	10			scene_desk002						0				
5010	电脑桌	Null	3	10			scene_desk004						0				
5011	红网格挂画	Null	3	12			scene_pictureframe001						0				
5012	挂画	Null	3	12			scene_pictureframe002						0				
5013	黄网格挂画	Null	3	12			scene_pictureframe003						0				
5014	挂画组合	Null	3	12			scene_pictureframe004						0				
5015	海报	Null	3	12			scene_pictureframe005						0				
5016	电视柜	Null	3	6			scene_TV stand001						0				
5017	门	Null	3	14			scene_door001						0				
